Set 1: [18, 23, 31, 34, 36, 42]
Set 2: [10, 13, 22, 24, 25, 39]
Set 3: [2, 17, 21, 26, 36, 41]
Set 4: [23, 24, 30, 32, 34, 42]
Set 5: [16, 17, 18, 33, 35, 45]
Set 6: [17, 19, 23, 30, 36, 42]
Set 7: [1, 7, 10, 14, 35, 42]
Set 8: [9, 18, 26, 27, 34, 42]
Set 9: [3, 6, 9, 15, 31, 43]
Set 10: [8, 13, 18, 20, 31, 45]
Set 11: [7, 19, 20, 23, 41, 44]
Set 12: [10, 20, 21, 27, 32, 37]
Set 13: [3, 8, 13, 37, 41, 45]
Set 14: [29, 31, 33, 34, 38, 39]
Set 15: [3, 6, 10, 25, 30, 41]
Set 16: [8, 12, 18, 20, 24, 31]
Set 17: [3, 7, 12, 20, 21, 37]
Set 18: [18, 19, 24, 32, 33, 34]
Set 19: [14, 19, 32, 35, 38, 42]
Set 20: [1, 4, 5, 34, 42, 44]
Set 21: [5, 10, 11, 38, 40, 43]
Set 22: [4, 6, 7, 19, 21, 40]
Set 23: [5, 18, 21, 26, 31, 41]
Set 24: [5, 20, 21, 27, 35, 38]
Set 25: [3, 6, 19, 30, 41, 42]
